0.2 2.6467384407100916 5.63262109521745e-13
0.21185074503545778 2.6101640849648664 4.030579319495001e-13
0.22440369086039266 2.5672437950198446 5.085696494785341e-14
0.2377004454874037 2.5292374340904193 1.2115175533401059e-14
0.25178508235883346 2.4889998607581756 7.315250551402733e-15
0.2667042864326648 2.4481188699522933 9.251409308729582e-15
0.2825075089245509 2.405527947295151 0.0
0.2992471312188867 2.3712790317272656 0.0
0.31697863849222274 2.3301323403322907 0.0
0.33576080362451205 2.290652342726848 0.0
0.35565588200778453 2.2512941374038737 0.0
0.3767298178979601 2.211091556107737 0.0
0.3990524629937759 2.174877763475389 0.0
0.42269780796732936 2.134608979419817 0.0
0.4477442277136679 2.095299522015547 0.0
0.47427474113233103 2.05796040970694 0.0
0.502377286301916 2.0171501650936756 0.0
0.5321450119597619 1.9791860754560715 0.0
0.5636765862528907 1.939011719892624 0.0
0.5970765237835919 1.9028815356000603 0.0
0.6324555320336759 1.8635160140117146 0.0
0.6699308783156553 1.8274035695301312 0.0
0.709626778467151 1.7878793709516911 0.0
0.7516748085768883 1.7541258673907882 0.0
0.7962143411069944 1.7151223291160018 0.0
0.8433930068571645 1.6778245532455145 0.0
0.8933671843019264 1.6416836580167689 0.0
0.946302517922961 1.602992113685133 0.0
1.0023744672545445 1.5698456740256967 0.0
1.0617688884619767 1.5309544100092263 0.0
1.1246826503806981 1.496867700248987 0.0
1.191324287058021 1.461095883907895 0.0
1.2619146889603867 1.4272452460094849 0.0
1.336687835137229 1.3908751038864955 0.0
1.4158915687682758 1.3585983601365934 0.0
1.4997884186649117 1.322572435941351 0.0
1.5886564694485632 1.287432175570785 0.0
1.6827902832903903 1.2552399956899454 0.0
1.782501876267491 1.2227367867566337 0.0
1.8881217525718466 1.1891641423620323 0.0
2.0 1.154702659237285 0.0
