0.2 2.659699437595461 0.0
0.21185074503545778 2.619513595383911 0.0
0.22440369086039266 2.57927489216182 0.0
0.2377004454874037 2.5390919180592486 0.0
0.25178508235883346 2.4993732755185145 0.0
0.2667042864326648 2.4596999963949315 0.0
0.2825075089245509 2.4198246616916252 0.0
0.2992471312188867 2.380127813730337 0.0
0.31697863849222274 2.3402555708553985 0.0
0.33576080362451205 2.301212938052733 0.0
0.35565588200778453 2.261663833382889 0.0
0.3767298178979601 2.222523671773632 0.0
0.3990524629937759 2.1833512980138523 0.0
0.42269780796732936 2.144311924978059 0.0
0.4477442277136679 2.105438769631759 0.0
0.47427474113233103 2.066326947425687 0.0
0.502377286301916 2.0280315296732447 0.0
0.5321450119597619 1.9894417155480124 0.0
0.5636765862528907 1.9512321108224193 0.0
0.5970765237835919 1.9129246495830627 0.0
0.6324555320336759 1.875336270022058 0.0
0.6699308783156553 1.8370413540209418 0.0
0.709626778467151 1.7992990250849399 0.0
0.7516748085768883 1.7618610270355926 0.0
0.7962143411069944 1.7247202753449398 0.0
0.8433930068571645 1.6877782870864202 0.0
0.8933671843019264 1.6508429226156274 0.0
0.946302517922961 1.6142029074805484 0.0
1.0023744672545445 1.5777346371518615 0.0
1.0617688884619767 1.5415319117268713 0.0
1.1246826503806981 1.5056580140250129 0.0
1.191324287058021 1.470080758709222 0.0
1.2619146889603867 1.4346489406251777 0.0
1.336687835137229 1.3996827473242528 0.0
1.4158915687682758 1.3647830890195625 0.0
1.4997884186649117 1.3303204526920092 0.0
1.5886564694485632 1.2960987517789295 0.0
1.6827902832903903 1.2623259339129713 0.0
1.782501876267491 1.2286813388290885 0.0
1.8881217525718466 1.1956793651389335 0.0
2.0 1.162909568461009 0.0
