0.2 2.6002467416083856 2.7436204777472598e-09
0.21185074503545778 2.5578012739774625 2.120489328451817e-09
0.22440369086039266 2.51673511134173 9.662958417357512e-10
0.2377004454874037 2.4796315420497654 3.8650170482902663e-10
0.25178508235883346 2.434792854187124 3.2443960092439217e-10
0.2667042864326648 2.395762180582045 2.2508475101821012e-10
0.2825075089245509 2.36202008084944 5.348127278904432e-11
0.2992471312188867 2.323098437377711 7.479441488122127e-11
0.31697863849222274 2.286630036112056 4.268956834972609e-12
0.33576080362451205 2.2422796981247894 1.6689888306691547e-12
0.35565588200778453 2.2034940814179054 1.5560798724932173e-12
0.3767298178979601 2.1637958682494545 2.1365086893705954e-13
0.3990524629937759 2.129768201360177 5.859279328528384e-14
0.42269780796732936 2.0885749018636752 2.998052812613273e-14
0.4477442277136679 2.047637895201507 4.337575612277482e-16
0.47427474113233103 2.010035474837097 8.837440242412712e-16
0.502377286301916 1.9741797721293681 0.0
0.5321450119597619 1.9362357260932712 1.1467849804271978e-16
0.5636765862528907 1.8960777921315424 0.0
0.5970765237835919 1.8569000655778636 0.0
0.6324555320336759 1.818519908298599 0.0
0.6699308783156553 1.7851503320423887 0.0
0.709626778467151 1.7454739718301575 0.0
0.7516748085768883 1.7113689580870342 0.0
0.7962143411069944 1.6736580010752402 0.0
0.8433930068571645 1.640667456474737 0.0
0.8933671843019264 1.602064184093298 0.0
0.946302517922961 1.5683645373991524 0.0
1.0023744672545445 1.5237800323305128 0.0
1.0617688884619767 1.49081641837568 0.0
1.1246826503806981 1.4601242447311704 0.0
1.191324287058021 1.421271457618978 0.0
1.2619146889603867 1.3882651915194737 0.0
1.336687835137229 1.354882616629564 0.0
1.4158915687682758 1.3222861675122821 0.0
1.4997884186649117 1.2842489527553258 0.0
1.5886564694485632 1.2544073598908208 0.0
1.6827902832903903 1.220977839665297 0.0
1.782501876267491 1.190542807651681 0.0
1.8881217525718466 1.15477389765196 0.0
2.0 1.1219800350960694 0.0
