0.2 2.6554877333186084 6.354911665591811e-15
0.21185074503545778 2.614571965207614 1.019109550074593e-15
0.22440369086039266 2.5762860317396745 3.4475147897315185e-16
0.2377004454874037 2.5353952069401102 0.0
0.25178508235883346 2.495849933759031 0.0
0.2667042864326648 2.456971571233749 0.0
0.2825075089245509 2.4167735155613754 0.0
0.2992471312188867 2.376604280445519 0.0
0.31697863849222274 2.337297133751083 0.0
0.33576080362451205 2.2986665150897894 0.0
0.35565588200778453 2.2584644595465684 0.0
0.3767298178979601 2.2193372167005845 0.0
0.3990524629937759 2.1795584794015 0.0
0.42269780796732936 2.1411169953779 0.0
0.4477442277136679 2.1018734025192787 0.0
0.47427474113233103 2.064760587633408 0.0
0.502377286301916 2.0247230560345435 0.0
0.5321450119597619 1.9869338441065294 0.0
0.5636765862528907 1.948379867555252 0.0
0.5970765237835919 1.9098657851732475 0.0
0.6324555320336759 1.872051465645773 0.0
0.6699308783156553 1.834581180267382 0.0
0.709626778467151 1.797150335799777 0.0
0.7516748085768883 1.7589224029899855 0.0
0.7962143411069944 1.7215156623924006 0.0
0.8433930068571645 1.684662359136899 0.0
0.8933671843019264 1.6483847965207663 0.0
0.946302517922961 1.611262826518871 0.0
1.0023744672545445 1.5756322802975289 0.0
1.0617688884619767 1.5400983623711337 0.0
1.1246826503806981 1.5037249426938102 0.0
1.191324287058021 1.4672652343365706 0.0
1.2619146889603867 1.4325018400557128 0.0
1.336687835137229 1.3984401692033808 0.0
1.4158915687682758 1.3628254924640566 0.0
1.4997884186649117 1.3269409912341963 0.0
1.5886564694485632 1.2930285935211188 0.0
1.6827902832903903 1.2601745581541186 0.0
1.782501876267491 1.2271679232711286 0.0
1.8881217525718466 1.1939495605538961 0.0
2.0 1.159898099402603 0.0
