0.2 2.633934105682525 3.088537319201227e-11
0.21185074503545778 2.59656900077554 1.2116395124959546e-11
0.22440369086039266 2.5557804968222357 9.73240102733358e-12
0.2377004454874037 2.5181170856394672 2.1887747852874273e-12
0.25178508235883346 2.4764833540095403 4.691076849302692e-13
0.2667042864326648 2.4368076622995094 1.3886856280910498e-13
0.2825075089245509 2.3969149476972755 3.668451549972048e-14
0.2992471312188867 2.3606261857289437 9.218050453817883e-15
0.31697863849222274 2.318533708341783 7.661552786613148e-16
0.33576080362451205 2.2768558550092157 5.851348150209515e-16
0.35565588200778453 2.2393107392553895 0.0
0.3767298178979601 2.1998251226099983 0.0
0.3990524629937759 2.162924897502796 0.0
0.42269780796732936 2.1208428550262663 0.0
0.4477442277136679 2.0806614195838784 0.0
0.47427474113233103 2.0470793653341275 0.0
0.502377286301916 2.0053079453090663 0.0
0.5321450119597619 1.968806412621801 0.0
0.5636765862528907 1.9309584834670597 0.0
0.5970765237835919 1.8954092749573814 0.0
0.6324555320336759 1.852812453697361 0.0
0.6699308783156553 1.8154844191134472 0.0
0.709626778467151 1.7785114176607477 0.0
0.7516748085768883 1.74475176725299 0.0
0.7962143411069944 1.7076403774681668 0.0
0.8433930068571645 1.670087109984243 0.0
0.8933671843019264 1.6300859099878804 0.0
0.946302517922961 1.597751968397275 0.0
1.0023744672545445 1.555729601086696 0.0
1.0617688884619767 1.5231795498379666 0.0
1.1246826503806981 1.4880746086465486 0.0
1.191324287058021 1.4506287437646819 0.0
1.2619146889603867 1.4169035584939957 0.0
1.336687835137229 1.384479234577715 0.0
1.4158915687682758 1.3498599561611335 0.0
1.4997884186649117 1.3139313245047792 0.0
1.5886564694485632 1.2794360614672322 0.0
1.6827902832903903 1.2449822018908907 0.0
1.782501876267491 1.2121236168034548 0.0
1.8881217525718466 1.1826440203123614 0.0
2.0 1.147984878305723 0.0
