0.2 2.653332946080567 1.1381182416029636e-13
0.21185074503545778 2.6125059900021284 4.5216252239107945e-14
0.22440369086039266 2.5722895534365144 4.31608884443793e-15
0.2377004454874037 2.533825023281585 5.257930667306906e-16
0.25178508235883346 2.4935818125285114 0.0
0.2667042864326648 2.452889800229251 0.0
0.2825075089245509 2.4118245581282274 0.0
0.2992471312188867 2.372952287522119 0.0
0.31697863849222274 2.3337606532598776 0.0
0.33576080362451205 2.2956838804422763 0.0
0.35565588200778453 2.2552983035675624 0.0
0.3767298178979601 2.215336319632534 0.0
0.3990524629937759 2.175645957262641 0.0
0.42269780796732936 2.13977588096059 0.0
0.4477442277136679 2.098098362406593 0.0
0.47427474113233103 2.0611489863634187 0.0
0.502377286301916 2.0215521651800756 0.0
0.5321450119597619 1.9849053533504193 0.0
0.5636765862528907 1.9458438467615993 0.0
0.5970765237835919 1.907599308440701 0.0
0.6324555320336759 1.8697164662126593 0.0
0.6699308783156553 1.8319715793681057 0.0
0.709626778467151 1.7946021514903816 0.0
0.7516748085768883 1.7564507797403246 0.0
0.7962143411069944 1.7206304565603168 0.0
0.8433930068571645 1.6813035689718518 0.0
0.8933671843019264 1.6473466886903763 0.0
0.946302517922961 1.6096967909465725 0.0
1.0023744672545445 1.5720744826160982 0.0
1.0617688884619767 1.536032964432024 0.0
1.1246826503806981 1.4998997554061355 0.0
1.191324287058021 1.464489937459585 0.0
1.2619146889603867 1.4292486896457044 0.0
1.336687835137229 1.3944703502411402 0.0
1.4158915687682758 1.3588297842155048 0.0
1.4997884186649117 1.326257899050496 0.0
1.5886564694485632 1.2923309025572978 0.0
1.6827902832903903 1.256104087102121 0.0
1.782501876267491 1.223401239754307 0.0
1.8881217525718466 1.1917940326039784 0.0
2.0 1.157970608583329 0.0
