0.2 2.6236700817934526 4.5603354963781444e-10
0.21185074503545778 2.5781022630703374 2.133257584381778e-10
0.22440369086039266 2.5403090858900885 6.798126105315817e-11
0.2377004454874037 2.5027738181881265 4.3819578945063284e-11
0.25178508235883346 2.461613388357876 1.3278945643868708e-11
0.2667042864326648 2.4201814327734477 2.3402847843258763e-12
0.2825075089245509 2.3793878825881447 1.4869617353127716e-12
0.2992471312188867 2.3435021683221477 2.8955309784787737e-13
0.31697863849222274 2.301729915968236 7.648028622442172e-13
0.33576080362451205 2.2638629254399665 6.198793607848283e-14
0.35565588200778453 2.2239141793774024 4.8923585910911836e-14
0.3767298178979601 2.1866778979082064 4.061770691283631e-16
0.3990524629937759 2.146015632333534 1.0346830730379372e-15
0.42269780796732936 2.106640787026261 0.0
0.4477442277136679 2.06938995826045 0.0
0.47427474113233103 2.028888386977761 0.0
0.502377286301916 1.9970854333824994 2.22368659060269e-16
0.5321450119597619 1.9559707440319443 0.0
0.5636765862528907 1.9146427035411762 0.0
0.5970765237835919 1.8771812974336342 0.0
0.6324555320336759 1.8387316315658209 0.0
0.6699308783156553 1.802728101967412 0.0
0.709626778467151 1.7656651574481548 0.0
0.7516748085768883 1.7262723100076531 0.0
0.7962143411069944 1.6911762291600954 0.0
0.8433930068571645 1.6532856894088814 0.0
0.8933671843019264 1.6182383803294833 0.0
0.946302517922961 1.579888476350427 0.0
1.0023744672545445 1.5413817837603505 0.0
1.0617688884619767 1.5127136191782673 0.0
1.1246826503806981 1.4755991439938079 0.0
1.191324287058021 1.4417718764829779 0.0
1.2619146889603867 1.402139793282743 0.0
1.336687835137229 1.3695409803764425 0.0
1.4158915687682758 1.3365877900242131 0.0
1.4997884186649117 1.301951595574069 0.0
1.5886564694485632 1.2678635584762739 0.0
1.6827902832903903 1.2347273675773385 0.0
1.782501876267491 1.2000739373348 0.0
1.8881217525718466 1.1705839269268403 0.0
2.0 1.1395793107707233 0.0
