0.2 2.627482438716041 1.3562110319531974e-10
0.21185074503545778 2.5880560770441434 1.1064222331270081e-10
0.22440369086039266 2.5458081316255115 2.062082881370805e-11
0.2377004454874037 2.508456063765929 8.835379066880553e-12
0.25178508235883346 2.469286318505983 1.3644852805773409e-12
0.2667042864326648 2.4319609695519198 9.563044888887666e-13
0.2825075089245509 2.39037035921177 1.7853707439990113e-13
0.2992471312188867 2.350375436111233 1.585239708259823e-13
0.31697863849222274 2.3141735528307663 2.437126186234762e-14
0.33576080362451205 2.272690633516 7.425291293692294e-15
0.35565588200778453 2.229044012760043 2.5899711692558205e-15
0.3767298178979601 2.1910573355532037 2.0268260562790697e-16
0.3990524629937759 2.1556163707006495 0.0
0.42269780796732936 2.119789763281033 0.0
0.4477442277136679 2.0760980466872674 0.0
0.47427474113233103 2.0388589888854485 0.0
0.502377286301916 2.0040252493870057 0.0
0.5321450119597619 1.9620681700175762 0.0
0.5636765862528907 1.9256989686251913 0.0
0.5970765237835919 1.8849912390827859 0.0
0.6324555320336759 1.846965820038406 0.0
0.6699308783156553 1.8126256035026835 0.0
0.709626778467151 1.7720308124958273 0.0
0.7516748085768883 1.7325075164769224 0.0
0.7962143411069944 1.6984061630581127 0.0
0.8433930068571645 1.6594595598225503 0.0
0.8933671843019264 1.6205831213760975 0.0
0.946302517922961 1.5913808649480308 0.0
1.0023744672545445 1.5522967072844556 0.0
1.0617688884619767 1.5126556905420665 0.0
1.1246826503806981 1.4831620350288515 0.0
1.191324287058021 1.4473223812444955 0.0
1.2619146889603867 1.4081839179359028 0.0
1.336687835137229 1.3766159561357825 0.0
1.4158915687682758 1.3411977782539617 0.0
1.4997884186649117 1.307811532404634 0.0
1.5886564694485632 1.2743325014883387 0.0
1.6827902832903903 1.2438304249146819 0.0
1.782501876267491 1.2064616081339374 0.0
1.8881217525718466 1.1708966793834332 0.0
2.0 1.1412902301163905 0.0
