0.2 2.6123380473257636 1.1242567535432532e-09
0.21185074503545778 2.571403744151385 5.336713502774565e-10
0.22440369086039266 2.528166285703466 4.818432182094846e-10
0.2377004454874037 2.4844933933540854 1.3734538754237597e-10
0.25178508235883346 2.450528698197486 1.334060620849575e-10
0.2667042864326648 2.409125574074768 8.933801774482498e-11
0.2825075089245509 2.369502776069948 1.4861181072028992e-11
0.2992471312188867 2.332410997060878 3.976677887652026e-12
0.31697863849222274 2.2912071052160736 2.0634423301589365e-12
0.33576080362451205 2.2509720612102044 4.734905963546833e-13
0.35565588200778453 2.213900490101687 5.395906364525892e-14
0.3767298178979601 2.176469972967239 4.529711220978001e-14
0.3990524629937759 2.139753140685755 2.9740806339519646e-13
0.42269780796732936 2.096646035613524 1.8639221787081432e-14
0.4477442277136679 2.059862704228799 1.940324896627974e-15
0.47427474113233103 2.0189031294519344 0.0
0.502377286301916 1.9813403245752927 0.0
0.5321450119597619 1.9407662205227232 0.0
0.5636765862528907 1.905905795805751 0.0
0.5970765237835919 1.8699510602856604 0.0
0.6324555320336759 1.8349134966210772 0.0
0.6699308783156553 1.7929003056608206 0.0
0.709626778467151 1.7603879859180047 0.0
0.7516748085768883 1.7193870332737298 0.0
0.7962143411069944 1.6805636016857686 0.0
0.8433930068571645 1.6459358941259337 0.0
0.8933671843019264 1.6106188337998988 0.0
0.946302517922961 1.576327193223418 0.0
1.0023744672545445 1.5392214342974324 0.0
1.0617688884619767 1.5063616361552583 0.0
1.1246826503806981 1.4617413328794893 0.0
1.191324287058021 1.4330793658862762 0.0
1.2619146889603867 1.3945958437992372 0.0
1.336687835137229 1.3593821362063454 0.0
1.4158915687682758 1.3288331106643676 0.0
1.4997884186649117 1.2969768489504383 0.0
1.5886564694485632 1.256775140607097 0.0
1.6827902832903903 1.2295951142983552 0.0
1.782501876267491 1.1927547553853446 0.0
1.8881217525718466 1.1626569392572341 0.0
2.0 1.1265047104804164 0.0
