0.2 2.658399648163793 1.6705133487239342e-16
0.21185074503545778 2.6178938546359323 1.696360641450918e-16
0.22440369086039266 2.5775870674666543 0.0
0.2377004454874037 2.538248040229271 0.0
0.25178508235883346 2.4986828840855773 0.0
0.2667042864326648 2.4577703971948974 0.0
0.2825075089245509 2.4185864007435685 0.0
0.2992471312188867 2.3790211770337057 0.0
0.31697863849222274 2.339173476815803 0.0
0.33576080362451205 2.299686153044361 0.0
0.35565588200778453 2.260412461872944 0.0
0.3767298178979601 2.221267188044311 0.0
0.3990524629937759 2.1828221254677325 0.0
0.42269780796732936 2.14342141373762 0.0
0.4477442277136679 2.104309912338899 0.0
0.47427474113233103 2.0650483710235736 0.0
0.502377286301916 2.0271846616604297 0.0
0.5321450119597619 1.9889179878903203 0.0
0.5636765862528907 1.9502692785744682 0.0
0.5970765237835919 1.9126251119450342 0.0
0.6324555320336759 1.8735074273700663 0.0
0.6699308783156553 1.835799472966333 0.0
0.709626778467151 1.7982085274535777 0.0
0.7516748085768883 1.7607981944539925 0.0
0.7962143411069944 1.7243284042175522 0.0
0.8433930068571645 1.6870295309902883 0.0
0.8933671843019264 1.6492840980970807 0.0
0.946302517922961 1.6129692219904823 0.0
1.0023744672545445 1.5775929886264397 0.0
1.0617688884619767 1.5399566509656755 0.0
1.1246826503806981 1.504074576954637 0.0
1.191324287058021 1.4691452968036551 0.0
1.2619146889603867 1.4337513326028426 0.0
1.336687835137229 1.3983223016861874 0.0
1.4158915687682758 1.3641122724484953 0.0
1.4997884186649117 1.3294584535439313 0.0
1.5886564694485632 1.2956789228484125 0.0
1.6827902832903903 1.2613948744616281 0.0
1.782501876267491 1.2282643595410168 0.0
1.8881217525718466 1.1948585118405866 0.0
2.0 1.161966414268087 0.0
