0.2 2.644869734406817 1.0902129515286515e-11
0.21185074503545778 2.60480729434702 1.6489629950712132e-12
0.22440369086039266 2.5619073854714514 6.989197596563178e-13
0.2377004454874037 2.524881860236407 1.6656323147279158e-13
0.25178508235883346 2.48328833881246 4.9357386334456496e-14
0.2667042864326648 2.442442737477469 6.200121633773545e-14
0.2825075089245509 2.404471038523073 2.3086637494022427e-14
0.2992471312188867 2.364112247651186 7.513843055316482e-16
0.31697863849222274 2.3215892915550786 0.0
0.33576080362451205 2.28578825348387 0.0
0.35565588200778453 2.2457438539215424 0.0
0.3767298178979601 2.208602589226851 0.0
0.3990524629937759 2.167507434719847 0.0
0.42269780796732936 2.127809625235453 0.0
0.4477442277136679 2.0897434880983448 0.0
0.47427474113233103 2.05119585441087 0.0
0.502377286301916 2.014427638331569 0.0
0.5321450119597619 1.9738051036376054 0.0
0.5636765862528907 1.9354216825304051 0.0
0.5970765237835919 1.896548263585698 0.0
0.6324555320336759 1.858401290109289 0.0
0.6699308783156553 1.8196723694781631 0.0
0.709626778467151 1.784530536287907 0.0
0.7516748085768883 1.7491099699246686 0.0
0.7962143411069944 1.7110495532204602 0.0
0.8433930068571645 1.6719418572577798 0.0
0.8933671843019264 1.6362488084888451 0.0
0.946302517922961 1.5990295683380298 0.0
1.0023744672545445 1.5661852650407921 0.0
1.0617688884619767 1.5279085049292234 0.0
1.1246826503806981 1.4921641984567926 0.0
1.191324287058021 1.4592608420144688 0.0
1.2619146889603867 1.4204369159121248 0.0
1.336687835137229 1.3869305443760598 0.0
1.4158915687682758 1.3511995921751063 0.0
1.4997884186649117 1.3172026077050365 0.0
1.5886564694485632 1.2844864594581997 0.0
1.6827902832903903 1.25034984870128 0.0
1.782501876267491 1.2168272605372767 0.0
1.8881217525718466 1.1839195215003298 0.0
2.0 1.1538557555858744 0.0
