0.2 2.659698634752956
0.21185074503545778 2.619544548043538
0.22440369086039266 2.57946160344563
0.2377004454874037 2.539453352027028
0.25178508235883346 2.4995235085015413
0.2667042864326648 2.459675957402653
0.2825075089245509 2.4199147593434023
0.2992471312188867 2.3802441573457216
0.31697863849222274 2.3406685832191783
0.33576080362451205 2.301192663967116
0.35565588200778453 2.261821228193982
0.3767298178979601 2.222559312485499
0.3990524629937759 2.183412167728732
0.42269780796732936 2.1443852653360613
0.4477442277136679 2.105484303332711
0.47427474113233103 2.066715212262962
0.502377286301916 2.0280841608660616
0.5321450119597619 1.9895975614678236
0.5636765862528907 1.9512620750289946
0.5970765237835919 1.9130846157862917
0.6324555320336759 1.8750723554168809
0.6699308783156553 1.8372327266515553
0.709626778467151 1.799573426256532
0.7516748085768883 1.7621024172984299
0.7962143411069944 1.7248279306018044
0.8433930068571645 1.6877584653033337
0.8933671843019264 1.6509027884023084
0.946302517922961 1.6142699332025698
1.0023744672545445 1.5778691965373404
1.0617688884619767 1.541710134665346
1.1246826503806981 1.5058025577246497
1.191324287058021 1.4701565226291695
1.2619146889603867 1.4347823242935163
1.336687835137229 1.399690485072926
1.4158915687682758 1.3648917423087534
1.4997884186649117 1.3303970338748845
1.5886564694485632 1.296217481627829
1.6827902832903903 1.2623643726726774
1.782501876267491 1.2288491383692166
1.8881217525718466 1.1956833310169928
2.0 1.1628785981755916
